NPS: 6.6
MMID: 4.75803328226368
Spacing: 217.85501689895673
Diversity: 850.8532574842404
Run time: 33.502213430404666