NPS: 31.0
MMID: 23.18839986288767
Spacing: 35.36259447104592
Diversity: 1205.759081097122
Run time: 30.84945764541626

NPS: 6.6
MMID: 4.75803328226368
Spacing: 217.85501689895673
Diversity: 850.8532574842404
Run time: 33.502213430404666